1 0 37 0 1 0 2 2 38
2 3 38 0 4 1 3 5 39
3 6 39 0 7 2 4 8 40
4 9 40 0 10 3 5 11 41
5 12 41 0 13 4 6 14 42
6 15 42 0 16 5 7 17 43
7 18 43 0 19 6 8 20 44
8 21 44 0 22 7 9 23 45
9 24 45 0 25 8 10 26 46
10 27 46 0 28 9 11 29 47
11 30 47 0 31 10 12 32 48
12 33 48 0 34 11 13 35 49
13 36 49 0 37 12 14 38 50
14 39 50 0 40 13 15 41 51
15 42 51 0 43 14 16 44 52
16 45 52 0 46 15 17 47 53
17 48 53 0 49 16 18 50 54
18 51 54 0 52 17 19 53 55
19 54 55 0 55 18 20 56 56
20 57 56 0 58 19 21 59 57
21 60 57 0 61 20 22 62 58
22 63 58 0 64 21 23 65 59
23 66 59 0 67 22 24 68 60
24 69 60 0 70 23 25 71 61
25 72 61 0 73 24 26 74 62
26 75 62 0 76 25 27 77 63
27 78 63 0 79 26 28 80 64
28 81 64 0 82 27 29 83 65
29 84 65 0 85 28 30 86 66
30 87 66 0 88 29 31 89 67
31 90 67 0 91 30 32 92 68
32 93 68 0 94 31 33 95 69
33 96 69 0 97 32 34 98 70
34 99 70 0 100 33 35 101 71
35 102 71 0 103 34 36 104 72
36 105 72 0 106 35 1 107 73
37 108 74 1 109 37 38 110 75
38 111 75 1 112 37 2 113 38
38 114 75 2 115 38 39 116 76
39 117 76 2 118 38 3 119 39
39 120 76 3 121 39 40 122 77
40 123 77 3 124 39 4 125 40
40 126 77 4 127 40 41 128 78
41 129 78 4 130 40 5 131 41
41 132 78 5 133 41 42 134 79
42 135 79 5 136 41 6 137 42
42 138 79 6 139 42 43 140 80
43 141 80 6 142 42 7 143 43
43 144 80 7 145 43 44 146 81
44 147 81 7 148 43 8 149 44
44 150 81 8 151 44 45 152 82
45 153 82 8 154 44 9 155 45
45 156 82 9 157 45 46 158 83
46 159 83 9 160 45 10 161 46
46 162 83 10 163 46 47 164 84
47 165 84 10 166 46 11 167 47
47 168 84 11 169 47 48 170 85
48 171 85 11 172 47 12 173 48
48 174 85 12 175 48 49 176 86
49 177 86 12 178 48 13 179 49
49 180 86 13 181 49 50 182 87
50 183 87 13 184 49 14 185 50
50 186 87 14 187 50 51 188 88
51 189 88 14 190 50 15 191 51
51 192 88 15 193 51 52 194 89
52 195 89 15 196 51 16 197 52
52 198 89 16 199 52 53 200 90
53 201 90 16 202 52 17 203 53
53 204 90 17 205 53 54 206 91
54 207 91 17 208 53 18 209 54
54 210 91 18 211 54 55 212 92
55 213 92 18 214 54 19 215 55
55 216 92 19 217 55 56 218 93
56 219 93 19 220 55 20 221 56
56 222 93 20 223 56 57 224 94
57 225 94 20 226 56 21 227 57
57 228 94 21 229 57 58 230 95
58 231 95 21 232 57 22 233 58
58 234 95 22 235 58 59 236 96
59 237 96 22 238 58 23 239 59
59 240 96 23 241 59 60 242 97
60 243 97 23 244 59 24 245 60
60 246 97 24 247 60 61 248 98
61 249 98 24 250 60 25 251 61
61 252 98 25 253 61 62 254 99
62 255 99 25 256 61 26 257 62
62 258 99 26 259 62 63 260 100
63 261 100 26 262 62 27 263 63
63 264 100 27 265 63 64 266 101
64 267 101 27 268 63 28 269 64
64 270 101 28 271 64 65 272 102
65 273 102 28 274 64 29 275 65
65 276 102 29 277 65 66 278 103
66 279 103 29 280 65 30 281 66
66 282 103 30 283 66 67 284 104
67 285 104 30 286 66 31 287 67
67 288 104 31 289 67 68 290 105
68 291 105 31 292 67 32 293 68
68 294 105 32 295 68 69 296 106
69 297 106 32 298 68 33 299 69
69 300 106 33 301 69 70 302 107
70 303 107 33 304 69 34 305 70
70 306 107 34 307 70 71 308 108
71 309 108 34 310 70 35 311 71
71 312 108 35 313 71 72 314 109
72 315 109 35 316 71 36 317 72
72 318 109 36 319 72 37 320 110
37 321 110 36 322 72 1 323 73
73 324 111 37 325 74 74 326 112
74 327 112 37 328 74 38 329 75
74 330 112 38 331 75 75 332 113
75 333 113 38 334 75 39 335 76
75 336 113 39 337 76 76 338 114
76 339 114 39 340 76 40 341 77
76 342 114 40 343 77 77 344 115
77 345 115 40 346 77 41 347 78
77 348 115 41 349 78 78 350 116
78 351 116 41 352 78 42 353 79
78 354 116 42 355 79 79 356 117
79 357 117 42 358 79 43 359 80
79 360 117 43 361 80 80 362 118
80 363 118 43 364 80 44 365 81
80 366 118 44 367 81 81 368 119
81 369 119 44 370 81 45 371 82
81 372 119 45 373 82 82 374 120
82 375 120 45 376 82 46 377 83
82 378 120 46 379 83 83 380 121
83 381 121 46 382 83 47 383 84
83 384 121 47 385 84 84 386 122
84 387 122 47 388 84 48 389 85
84 390 122 48 391 85 85 392 123
85 393 123 48 394 85 49 395 86
85 396 123 49 397 86 86 398 124
86 399 124 49 400 86 50 401 87
86 402 124 50 403 87 87 404 125
87 405 125 50 406 87 51 407 88
87 408 125 51 409 88 88 410 126
88 411 126 51 412 88 52 413 89
88 414 126 52 415 89 89 416 127
89 417 127 52 418 89 53 419 90
89 420 127 53 421 90 90 422 128
90 423 128 53 424 90 54 425 91
90 426 128 54 427 91 91 428 129
91 429 129 54 430 91 55 431 92
91 432 129 55 433 92 92 434 130
92 435 130 55 436 92 56 437 93
92 438 130 56 439 93 93 440 131
93 441 131 56 442 93 57 443 94
93 444 131 57 445 94 94 446 132
94 447 132 57 448 94 58 449 95
94 450 132 58 451 95 95 452 133
95 453 133 58 454 95 59 455 96
95 456 133 59 457 96 96 458 134
96 459 134 59 460 96 60 461 97
96 462 134 60 463 97 97 464 135
97 465 135 60 466 97 61 467 98
97 468 135 61 469 98 98 470 136
98 471 136 61 472 98 62 473 99
98 474 136 62 475 99 99 476 137
99 477 137 62 478 99 63 479 100
99 480 137 63 481 100 100 482 138
100 483 138 63 484 100 64 485 101
100 486 138 64 487 101 101 488 139
101 489 139 64 490 101 65 491 102
101 492 139 65 493 102 102 494 140
102 495 140 65 496 102 66 497 103
102 498 140 66 499 103 103 500 141
103 501 141 66 502 103 67 503 104
103 504 141 67 505 104 104 506 142
104 507 142 67 508 104 68 509 105
104 510 142 68 511 105 105 512 143
105 513 143 68 514 105 69 515 106
105 516 143 69 517 106 106 518 144
106 519 144 69 520 106 70 521 107
106 522 144 70 523 107 107 524 145
107 525 145 70 526 107 71 527 108
107 528 145 71 529 108 108 530 146
108 531 146 71 532 108 72 533 109
108 534 146 72 535 109 73 536 147
73 537 147 72 538 109 37 539 110
109 540 148 73 541 111 110 542 149
110 543 149 73 544 111 74 545 112
110 546 149 74 547 112 111 548 150
111 549 150 74 550 112 75 551 113
111 552 150 75 553 113 112 554 151
112 555 151 75 556 113 76 557 114
112 558 151 76 559 114 113 560 152
113 561 152 76 562 114 77 563 115
113 564 152 77 565 115 114 566 153
114 567 153 77 568 115 78 569 116
114 570 153 78 571 116 115 572 154
115 573 154 78 574 116 79 575 117
115 576 154 79 577 117 116 578 155
116 579 155 79 580 117 80 581 118
116 582 155 80 583 118 117 584 156
117 585 156 80 586 118 81 587 119
117 588 156 81 589 119 118 590 157
118 591 157 81 592 119 82 593 120
118 594 157 82 595 120 119 596 158
119 597 158 82 598 120 83 599 121
119 600 158 83 601 121 120 602 159
120 603 159 83 604 121 84 605 122
120 606 159 84 607 122 121 608 160
121 609 160 84 610 122 85 611 123
121 612 160 85 613 123 122 614 161
122 615 161 85 616 123 86 617 124
122 618 161 86 619 124 123 620 162
123 621 162 86 622 124 87 623 125
123 624 162 87 625 125 124 626 163
124 627 163 87 628 125 88 629 126
124 630 163 88 631 126 125 632 164
125 633 164 88 634 126 89 635 127
125 636 164 89 637 127 126 638 165
126 639 165 89 640 127 90 641 128
126 642 165 90 643 128 127 644 166
127 645 166 90 646 128 91 647 129
127 648 166 91 649 129 128 650 167
128 651 167 91 652 129 92 653 130
128 654 167 92 655 130 129 656 168
129 657 168 92 658 130 93 659 131
129 660 168 93 661 131 130 662 169
130 663 169 93 664 131 94 665 132
130 666 169 94 667 132 131 668 170
131 669 170 94 670 132 95 671 133
131 672 170 95 673 133 132 674 171
132 675 171 95 676 133 96 677 134
132 678 171 96 679 134 133 680 172
133 681 172 96 682 134 97 683 135
133 684 172 97 685 135 134 686 173
134 687 173 97 688 135 98 689 136
134 690 173 98 691 136 135 692 174
135 693 174 98 694 136 99 695 137
135 696 174 99 697 137 136 698 175
136 699 175 99 700 137 100 701 138
136 702 175 100 703 138 137 704 176
137 705 176 100 706 138 101 707 139
137 708 176 101 709 139 138 710 177
138 711 177 101 712 139 102 713 140
138 714 177 102 715 140 139 716 178
139 717 178 102 718 140 103 719 141
139 720 178 103 721 141 140 722 179
140 723 179 103 724 141 104 725 142
140 726 179 104 727 142 141 728 180
141 729 180 104 730 142 105 731 143
141 732 180 105 733 143 142 734 181
142 735 181 105 736 143 106 737 144
142 738 181 106 739 144 143 740 182
143 741 182 106 742 144 107 743 145
143 744 182 107 745 145 144 746 183
144 747 183 107 748 145 108 749 146
144 750 183 108 751 146 109 752 184
109 753 184 108 754 146 73 755 147
145 756 185 109 757 148 146 758 186
146 759 186 109 760 148 110 761 149
146 762 186 110 763 149 147 764 187
147 765 187 110 766 149 111 767 150
147 768 187 111 769 150 148 770 188
148 771 188 111 772 150 112 773 151
148 774 188 112 775 151 149 776 189
149 777 189 112 778 151 113 779 152
149 780 189 113 781 152 150 782 190
150 783 190 113 784 152 114 785 153
150 786 190 114 787 153 151 788 191
151 789 191 114 790 153 115 791 154
151 792 191 115 793 154 152 794 192
152 795 192 115 796 154 116 797 155
152 798 192 116 799 155 153 800 193
153 801 193 116 802 155 117 803 156
153 804 193 117 805 156 154 806 194
154 807 194 117 808 156 118 809 157
154 810 194 118 811 157 155 812 195
155 813 195 118 814 157 119 815 158
155 816 195 119 817 158 156 818 196
156 819 196 119 820 158 120 821 159
156 822 196 120 823 159 157 824 197
157 825 197 120 826 159 121 827 160
157 828 197 121 829 160 158 830 198
158 831 198 121 832 160 122 833 161
158 834 198 122 835 161 159 836 199
159 837 199 122 838 161 123 839 162
159 840 199 123 841 162 160 842 200
160 843 200 123 844 162 124 845 163
160 846 200 124 847 163 161 848 201
161 849 201 124 850 163 125 851 164
161 852 201 125 853 164 162 854 202
162 855 202 125 856 164 126 857 165
162 858 202 126 859 165 163 860 203
163 861 203 126 862 165 127 863 166
163 864 203 127 865 166 164 866 204
164 867 204 127 868 166 128 869 167
164 870 204 128 871 167 165 872 205
165 873 205 128 874 167 129 875 168
165 876 205 129 877 168 166 878 206
166 879 206 129 880 168 130 881 169
166 882 206 130 883 169 167 884 207
167 885 207 130 886 169 131 887 170
167 888 207 131 889 170 168 890 208
168 891 208 131 892 170 132 893 171
168 894 208 132 895 171 169 896 209
169 897 209 132 898 171 133 899 172
169 900 209 133 901 172 170 902 210
170 903 210 133 904 172 134 905 173
170 906 210 134 907 173 171 908 211
171 909 211 134 910 173 135 911 174
171 912 211 135 913 174 172 914 212
172 915 212 135 916 174 136 917 175
172 918 212 136 919 175 173 920 213
173 921 213 136 922 175 137 923 176
173 924 213 137 925 176 174 926 214
174 927 214 137 928 176 138 929 177
174 930 214 138 931 177 175 932 215
175 933 215 138 934 177 139 935 178
175 936 215 139 937 178 176 938 216
176 939 216 139 940 178 140 941 179
176 942 216 140 943 179 177 944 217
177 945 217 140 946 179 141 947 180
177 948 217 141 949 180 178 950 218
178 951 218 141 952 180 142 953 181
178 954 218 142 955 181 179 956 219
179 957 219 142 958 181 143 959 182
179 960 219 143 961 182 180 962 220
180 963 220 143 964 182 144 965 183
180 966 220 144 967 183 145 968 221
145 969 221 144 970 183 109 971 184
181 972 222 145 973 185 182 974 223
182 975 223 145 976 185 146 977 186
182 978 223 146 979 186 183 980 224
183 981 224 146 982 186 147 983 187
183 984 224 147 985 187 184 986 225
184 987 225 147 988 187 148 989 188
184 990 225 148 991 188 185 992 226
185 993 226 148 994 188 149 995 189
185 996 226 149 997 189 186 998 227
186 999 227 149 1000 189 150 1001 190
186 1002 227 150 1003 190 187 1004 228
187 1005 228 150 1006 190 151 1007 191
187 1008 228 151 1009 191 188 1010 229
188 1011 229 151 1012 191 152 1013 192
188 1014 229 152 1015 192 189 1016 230
189 1017 230 152 1018 192 153 1019 193
189 1020 230 153 1021 193 190 1022 231
190 1023 231 153 1024 193 154 1025 194
190 1026 231 154 1027 194 191 1028 232
191 1029 232 154 1030 194 155 1031 195
191 1032 232 155 1033 195 192 1034 233
192 1035 233 155 1036 195 156 1037 196
192 1038 233 156 1039 196 193 1040 234
193 1041 234 156 1042 196 157 1043 197
193 1044 234 157 1045 197 194 1046 235
194 1047 235 157 1048 197 158 1049 198
194 1050 235 158 1051 198 195 1052 236
195 1053 236 158 1054 198 159 1055 199
195 1056 236 159 1057 199 196 1058 237
196 1059 237 159 1060 199 160 1061 200
196 1062 237 160 1063 200 197 1064 238
197 1065 238 160 1066 200 161 1067 201
197 1068 238 161 1069 201 198 1070 239
198 1071 239 161 1072 201 162 1073 202
198 1074 239 162 1075 202 199 1076 240
199 1077 240 162 1078 202 163 1079 203
199 1080 240 163 1081 203 200 1082 241
200 1083 241 163 1084 203 164 1085 204
200 1086 241 164 1087 204 201 1088 242
201 1089 242 164 1090 204 165 1091 205
201 1092 242 165 1093 205 202 1094 243
202 1095 243 165 1096 205 166 1097 206
202 1098 243 166 1099 206 203 1100 244
203 1101 244 166 1102 206 167 1103 207
203 1104 244 167 1105 207 204 1106 245
204 1107 245 167 1108 207 168 1109 208
204 1110 245 168 1111 208 205 1112 246
205 1113 246 168 1114 208 169 1115 209
205 1116 246 169 1117 209 206 1118 247
206 1119 247 169 1120 209 170 1121 210
206 1122 247 170 1123 210 207 1124 248
207 1125 248 170 1126 210 171 1127 211
207 1128 248 171 1129 211 208 1130 249
208 1131 249 171 1132 211 172 1133 212
208 1134 249 172 1135 212 209 1136 250
209 1137 250 172 1138 212 173 1139 213
209 1140 250 173 1141 213 210 1142 251
210 1143 251 173 1144 213 174 1145 214
210 1146 251 174 1147 214 211 1148 252
211 1149 252 174 1150 214 175 1151 215
211 1152 252 175 1153 215 212 1154 253
212 1155 253 175 1156 215 176 1157 216
212 1158 253 176 1159 216 213 1160 254
213 1161 254 176 1162 216 177 1163 217
213 1164 254 177 1165 217 214 1166 255
214 1167 255 177 1168 217 178 1169 218
214 1170 255 178 1171 218 215 1172 256
215 1173 256 178 1174 218 179 1175 219
215 1176 256 179 1177 219 216 1178 257
216 1179 257 179 1180 219 180 1181 220
216 1182 257 180 1183 220 181 1184 258
181 1185 258 180 1186 220 145 1187 221
217 1188 259 181 1189 222 218 1190 260
218 1191 260 181 1192 222 182 1193 223
218 1194 260 182 1195 223 219 1196 261
219 1197 261 182 1198 223 183 1199 224
219 1200 261 183 1201 224 220 1202 262
220 1203 262 183 1204 224 184 1205 225
220 1206 262 184 1207 225 221 1208 263
221 1209 263 184 1210 225 185 1211 226
221 1212 263 185 1213 226 222 1214 264
222 1215 264 185 1216 226 186 1217 227
222 1218 264 186 1219 227 223 1220 265
223 1221 265 186 1222 227 187 1223 228
223 1224 265 187 1225 228 224 1226 266
224 1227 266 187 1228 228 188 1229 229
224 1230 266 188 1231 229 225 1232 267
225 1233 267 188 1234 229 189 1235 230
225 1236 267 189 1237 230 226 1238 268
226 1239 268 189 1240 230 190 1241 231
226 1242 268 190 1243 231 227 1244 269
227 1245 269 190 1246 231 191 1247 232
227 1248 269 191 1249 232 228 1250 270
228 1251 270 191 1252 232 192 1253 233
228 1254 270 192 1255 233 229 1256 271
229 1257 271 192 1258 233 193 1259 234
229 1260 271 193 1261 234 230 1262 272
230 1263 272 193 1264 234 194 1265 235
230 1266 272 194 1267 235 231 1268 273
231 1269 273 194 1270 235 195 1271 236
231 1272 273 195 1273 236 232 1274 274
232 1275 274 195 1276 236 196 1277 237
232 1278 274 196 1279 237 233 1280 275
233 1281 275 196 1282 237 197 1283 238
233 1284 275 197 1285 238 234 1286 276
234 1287 276 197 1288 238 198 1289 239
234 1290 276 198 1291 239 235 1292 277
235 1293 277 198 1294 239 199 1295 240
235 1296 277 199 1297 240 236 1298 278
236 1299 278 199 1300 240 200 1301 241
236 1302 278 200 1303 241 237 1304 279
237 1305 279 200 1306 241 201 1307 242
237 1308 279 201 1309 242 238 1310 280
238 1311 280 201 1312 242 202 1313 243
238 1314 280 202 1315 243 239 1316 281
239 1317 281 202 1318 243 203 1319 244
239 1320 281 203 1321 244 240 1322 282
240 1323 282 203 1324 244 204 1325 245
240 1326 282 204 1327 245 241 1328 283
241 1329 283 204 1330 245 205 1331 246
241 1332 283 205 1333 246 242 1334 284
242 1335 284 205 1336 246 206 1337 247
242 1338 284 206 1339 247 243 1340 285
243 1341 285 206 1342 247 207 1343 248
243 1344 285 207 1345 248 244 1346 286
244 1347 286 207 1348 248 208 1349 249
244 1350 286 208 1351 249 245 1352 287
245 1353 287 208 1354 249 209 1355 250
245 1356 287 209 1357 250 246 1358 288
246 1359 288 209 1360 250 210 1361 251
246 1362 288 210 1363 251 247 1364 289
247 1365 289 210 1366 251 211 1367 252
247 1368 289 211 1369 252 248 1370 290
248 1371 290 211 1372 252 212 1373 253
248 1374 290 212 1375 253 249 1376 291
249 1377 291 212 1378 253 213 1379 254
249 1380 291 213 1381 254 250 1382 292
250 1383 292 213 1384 254 214 1385 255
250 1386 292 214 1387 255 251 1388 293
251 1389 293 214 1390 255 215 1391 256
251 1392 293 215 1393 256 252 1394 294
252 1395 294 215 1396 256 216 1397 257
252 1398 294 216 1399 257 217 1400 295
217 1401 295 216 1402 257 181 1403 258
253 1404 296 217 1405 259 254 1406 297
254 1407 297 217 1408 259 218 1409 260
254 1410 297 218 1411 260 255 1412 298
255 1413 298 218 1414 260 219 1415 261
255 1416 298 219 1417 261 256 1418 299
256 1419 299 219 1420 261 220 1421 262
256 1422 299 220 1423 262 257 1424 300
257 1425 300 220 1426 262 221 1427 263
257 1428 300 221 1429 263 258 1430 301
258 1431 301 221 1432 263 222 1433 264
258 1434 301 222 1435 264 259 1436 302
259 1437 302 222 1438 264 223 1439 265
259 1440 302 223 1441 265 260 1442 303
260 1443 303 223 1444 265 224 1445 266
260 1446 303 224 1447 266 261 1448 304
261 1449 304 224 1450 266 225 1451 267
261 1452 304 225 1453 267 262 1454 305
262 1455 305 225 1456 267 226 1457 268
262 1458 305 226 1459 268 263 1460 306
263 1461 306 226 1462 268 227 1463 269
263 1464 306 227 1465 269 264 1466 307
264 1467 307 227 1468 269 228 1469 270
264 1470 307 228 1471 270 265 1472 308
265 1473 308 228 1474 270 229 1475 271
265 1476 308 229 1477 271 266 1478 309
266 1479 309 229 1480 271 230 1481 272
266 1482 309 230 1483 272 267 1484 310
267 1485 310 230 1486 272 231 1487 273
267 1488 310 231 1489 273 268 1490 311
268 1491 311 231 1492 273 232 1493 274
268 1494 311 232 1495 274 269 1496 312
269 1497 312 232 1498 274 233 1499 275
269 1500 312 233 1501 275 270 1502 313
270 1503 313 233 1504 275 234 1505 276
270 1506 313 234 1507 276 271 1508 314
271 1509 314 234 1510 276 235 1511 277
271 1512 314 235 1513 277 272 1514 315
272 1515 315 235 1516 277 236 1517 278
272 1518 315 236 1519 278 273 1520 316
273 1521 316 236 1522 278 237 1523 279
273 1524 316 237 1525 279 274 1526 317
274 1527 317 237 1528 279 238 1529 280
274 1530 317 238 1531 280 275 1532 318
275 1533 318 238 1534 280 239 1535 281
275 1536 318 239 1537 281 276 1538 319
276 1539 319 239 1540 281 240 1541 282
276 1542 319 240 1543 282 277 1544 320
277 1545 320 240 1546 282 241 1547 283
277 1548 320 241 1549 283 278 1550 321
278 1551 321 241 1552 283 242 1553 284
278 1554 321 242 1555 284 279 1556 322
279 1557 322 242 1558 284 243 1559 285
279 1560 322 243 1561 285 280 1562 323
280 1563 323 243 1564 285 244 1565 286
280 1566 323 244 1567 286 281 1568 324
281 1569 324 244 1570 286 245 1571 287
281 1572 324 245 1573 287 282 1574 325
282 1575 325 245 1576 287 246 1577 288
282 1578 325 246 1579 288 283 1580 326
283 1581 326 246 1582 288 247 1583 289
283 1584 326 247 1585 289 284 1586 327
284 1587 327 247 1588 289 248 1589 290
284 1590 327 248 1591 290 285 1592 328
285 1593 328 248 1594 290 249 1595 291
285 1596 328 249 1597 291 286 1598 329
286 1599 329 249 1600 291 250 1601 292
286 1602 329 250 1603 292 287 1604 330
287 1605 330 250 1606 292 251 1607 293
287 1608 330 251 1609 293 288 1610 331
288 1611 331 251 1612 293 252 1613 294
288 1614 331 252 1615 294 253 1616 332
253 1617 332 252 1618 294 217 1619 295
289 1620 333 253 1621 296 290 1622 334
290 1623 334 253 1624 296 254 1625 297
290 1626 334 254 1627 297 291 1628 335
291 1629 335 254 1630 297 255 1631 298
291 1632 335 255 1633 298 292 1634 336
292 1635 336 255 1636 298 256 1637 299
292 1638 336 256 1639 299 293 1640 337
293 1641 337 256 1642 299 257 1643 300
293 1644 337 257 1645 300 294 1646 338
294 1647 338 257 1648 300 258 1649 301
294 1650 338 258 1651 301 295 1652 339
295 1653 339 258 1654 301 259 1655 302
295 1656 339 259 1657 302 296 1658 340
296 1659 340 259 1660 302 260 1661 303
296 1662 340 260 1663 303 297 1664 341
297 1665 341 260 1666 303 261 1667 304
297 1668 341 261 1669 304 298 1670 342
298 1671 342 261 1672 304 262 1673 305
298 1674 342 262 1675 305 299 1676 343
299 1677 343 262 1678 305 263 1679 306
299 1680 343 263 1681 306 300 1682 344
300 1683 344 263 1684 306 264 1685 307
300 1686 344 264 1687 307 301 1688 345
301 1689 345 264 1690 307 265 1691 308
301 1692 345 265 1693 308 302 1694 346
302 1695 346 265 1696 308 266 1697 309
302 1698 346 266 1699 309 303 1700 347
303 1701 347 266 1702 309 267 1703 310
303 1704 347 267 1705 310 304 1706 348
304 1707 348 267 1708 310 268 1709 311
304 1710 348 268 1711 311 305 1712 349
305 1713 349 268 1714 311 269 1715 312
305 1716 349 269 1717 312 306 1718 350
306 1719 350 269 1720 312 270 1721 313
306 1722 350 270 1723 313 307 1724 351
307 1725 351 270 1726 313 271 1727 314
307 1728 351 271 1729 314 308 1730 352
308 1731 352 271 1732 314 272 1733 315
308 1734 352 272 1735 315 309 1736 353
309 1737 353 272 1738 315 273 1739 316
309 1740 353 273 1741 316 310 1742 354
310 1743 354 273 1744 316 274 1745 317
310 1746 354 274 1747 317 311 1748 355
311 1749 355 274 1750 317 275 1751 318
311 1752 355 275 1753 318 312 1754 356
312 1755 356 275 1756 318 276 1757 319
312 1758 356 276 1759 319 313 1760 357
313 1761 357 276 1762 319 277 1763 320
313 1764 357 277 1765 320 314 1766 358
314 1767 358 277 1768 320 278 1769 321
314 1770 358 278 1771 321 315 1772 359
315 1773 359 278 1774 321 279 1775 322
315 1776 359 279 1777 322 316 1778 360
316 1779 360 279 1780 322 280 1781 323
316 1782 360 280 1783 323 317 1784 361
317 1785 361 280 1786 323 281 1787 324
317 1788 361 281 1789 324 318 1790 362
318 1791 362 281 1792 324 282 1793 325
318 1794 362 282 1795 325 319 1796 363
319 1797 363 282 1798 325 283 1799 326
319 1800 363 283 1801 326 320 1802 364
320 1803 364 283 1804 326 284 1805 327
320 1806 364 284 1807 327 321 1808 365
321 1809 365 284 1810 327 285 1811 328
321 1812 365 285 1813 328 322 1814 366
322 1815 366 285 1816 328 286 1817 329
322 1818 366 286 1819 329 323 1820 367
323 1821 367 286 1822 329 287 1823 330
323 1824 367 287 1825 330 324 1826 368
324 1827 368 287 1828 330 288 1829 331
324 1830 368 288 1831 331 289 1832 369
289 1833 369 288 1834 331 253 1835 332
325 1836 370 289 1837 333 326 1838 371
326 1839 371 289 1840 333 290 1841 334
326 1842 371 290 1843 334 327 1844 372
327 1845 372 290 1846 334 291 1847 335
327 1848 372 291 1849 335 328 1850 373
328 1851 373 291 1852 335 292 1853 336
328 1854 373 292 1855 336 329 1856 374
329 1857 374 292 1858 336 293 1859 337
329 1860 374 293 1861 337 330 1862 375
330 1863 375 293 1864 337 294 1865 338
330 1866 375 294 1867 338 331 1868 376
331 1869 376 294 1870 338 295 1871 339
331 1872 376 295 1873 339 332 1874 377
332 1875 377 295 1876 339 296 1877 340
332 1878 377 296 1879 340 333 1880 378
333 1881 378 296 1882 340 297 1883 341
333 1884 378 297 1885 341 334 1886 379
334 1887 379 297 1888 341 298 1889 342
334 1890 379 298 1891 342 335 1892 380
335 1893 380 298 1894 342 299 1895 343
335 1896 380 299 1897 343 336 1898 381
336 1899 381 299 1900 343 300 1901 344
336 1902 381 300 1903 344 337 1904 382
337 1905 382 300 1906 344 301 1907 345
337 1908 382 301 1909 345 338 1910 383
338 1911 383 301 1912 345 302 1913 346
338 1914 383 302 1915 346 339 1916 384
339 1917 384 302 1918 346 303 1919 347
339 1920 384 303 1921 347 340 1922 385
340 1923 385 303 1924 347 304 1925 348
340 1926 385 304 1927 348 341 1928 386
341 1929 386 304 1930 348 305 1931 349
341 1932 386 305 1933 349 342 1934 387
342 1935 387 305 1936 349 306 1937 350
342 1938 387 306 1939 350 343 1940 388
343 1941 388 306 1942 350 307 1943 351
343 1944 388 307 1945 351 344 1946 389
344 1947 389 307 1948 351 308 1949 352
344 1950 389 308 1951 352 345 1952 390
345 1953 390 308 1954 352 309 1955 353
345 1956 390 309 1957 353 346 1958 391
346 1959 391 309 1960 353 310 1961 354
346 1962 391 310 1963 354 347 1964 392
347 1965 392 310 1966 354 311 1967 355
347 1968 392 311 1969 355 348 1970 393
348 1971 393 311 1972 355 312 1973 356
348 1974 393 312 1975 356 349 1976 394
349 1977 394 312 1978 356 313 1979 357
349 1980 394 313 1981 357 350 1982 395
350 1983 395 313 1984 357 314 1985 358
350 1986 395 314 1987 358 351 1988 396
351 1989 396 314 1990 358 315 1991 359
351 1992 396 315 1993 359 352 1994 397
352 1995 397 315 1996 359 316 1997 360
352 1998 397 316 1999 360 353 2000 398
353 2001 398 316 2002 360 317 2003 361
353 2004 398 317 2005 361 354 2006 399
354 2007 399 317 2008 361 318 2009 362
354 2010 399 318 2011 362 355 2012 400
355 2013 400 318 2014 362 319 2015 363
355 2016 400 319 2017 363 356 2018 401
356 2019 401 319 2020 363 320 2021 364
356 2022 401 320 2023 364 357 2024 402
357 2025 402 320 2026 364 321 2027 365
357 2028 402 321 2029 365 358 2030 403
358 2031 403 321 2032 365 322 2033 366
358 2034 403 322 2035 366 359 2036 404
359 2037 404 322 2038 366 323 2039 367
359 2040 404 323 2041 367 360 2042 405
360 2043 405 323 2044 367 324 2045 368
360 2046 405 324 2047 368 325 2048 406
325 2049 406 324 2050 368 289 2051 369
361 2052 407 325 2053 370 362 2054 408
362 2055 408 325 2056 370 326 2057 371
362 2058 408 326 2059 371 363 2060 409
363 2061 409 326 2062 371 327 2063 372
363 2064 409 327 2065 372 364 2066 410
364 2067 410 327 2068 372 328 2069 373
364 2070 410 328 2071 373 365 2072 411
365 2073 411 328 2074 373 329 2075 374
365 2076 411 329 2077 374 366 2078 412
366 2079 412 329 2080 374 330 2081 375
366 2082 412 330 2083 375 367 2084 413
367 2085 413 330 2086 375 331 2087 376
367 2088 413 331 2089 376 368 2090 414
368 2091 414 331 2092 376 332 2093 377
368 2094 414 332 2095 377 369 2096 415
369 2097 415 332 2098 377 333 2099 378
369 2100 415 333 2101 378 370 2102 416
370 2103 416 333 2104 378 334 2105 379
370 2106 416 334 2107 379 371 2108 417
371 2109 417 334 2110 379 335 2111 380
371 2112 417 335 2113 380 372 2114 418
372 2115 418 335 2116 380 336 2117 381
372 2118 418 336 2119 381 373 2120 419
373 2121 419 336 2122 381 337 2123 382
373 2124 419 337 2125 382 374 2126 420
374 2127 420 337 2128 382 338 2129 383
374 2130 420 338 2131 383 375 2132 421
375 2133 421 338 2134 383 339 2135 384
375 2136 421 339 2137 384 376 2138 422
376 2139 422 339 2140 384 340 2141 385
376 2142 422 340 2143 385 377 2144 423
377 2145 423 340 2146 385 341 2147 386
377 2148 423 341 2149 386 378 2150 424
378 2151 424 341 2152 386 342 2153 387
378 2154 424 342 2155 387 379 2156 425
379 2157 425 342 2158 387 343 2159 388
379 2160 425 343 2161 388 380 2162 426
380 2163 426 343 2164 388 344 2165 389
380 2166 426 344 2167 389 381 2168 427
381 2169 427 344 2170 389 345 2171 390
381 2172 427 345 2173 390 382 2174 428
382 2175 428 345 2176 390 346 2177 391
382 2178 428 346 2179 391 383 2180 429
383 2181 429 346 2182 391 347 2183 392
383 2184 429 347 2185 392 384 2186 430
384 2187 430 347 2188 392 348 2189 393
384 2190 430 348 2191 393 385 2192 431
385 2193 431 348 2194 393 349 2195 394
385 2196 431 349 2197 394 386 2198 432
386 2199 432 349 2200 394 350 2201 395
386 2202 432 350 2203 395 387 2204 433
387 2205 433 350 2206 395 351 2207 396
387 2208 433 351 2209 396 388 2210 434
388 2211 434 351 2212 396 352 2213 397
388 2214 434 352 2215 397 389 2216 435
389 2217 435 352 2218 397 353 2219 398
389 2220 435 353 2221 398 390 2222 436
390 2223 436 353 2224 398 354 2225 399
390 2226 436 354 2227 399 391 2228 437
391 2229 437 354 2230 399 355 2231 400
391 2232 437 355 2233 400 392 2234 438
392 2235 438 355 2236 400 356 2237 401
392 2238 438 356 2239 401 393 2240 439
393 2241 439 356 2242 401 357 2243 402
393 2244 439 357 2245 402 394 2246 440
394 2247 440 357 2248 402 358 2249 403
394 2250 440 358 2251 403 395 2252 441
395 2253 441 358 2254 403 359 2255 404
395 2256 441 359 2257 404 396 2258 442
396 2259 442 359 2260 404 360 2261 405
396 2262 442 360 2263 405 361 2264 443
361 2265 443 360 2266 405 325 2267 406
397 2268 444 361 2269 407 398 2270 445
398 2271 445 361 2272 407 362 2273 408
398 2274 445 362 2275 408 399 2276 446
399 2277 446 362 2278 408 363 2279 409
399 2280 446 363 2281 409 400 2282 447
400 2283 447 363 2284 409 364 2285 410
400 2286 447 364 2287 410 401 2288 448
401 2289 448 364 2290 410 365 2291 411
401 2292 448 365 2293 411 402 2294 449
402 2295 449 365 2296 411 366 2297 412
402 2298 449 366 2299 412 403 2300 450
403 2301 450 366 2302 412 367 2303 413
403 2304 450 367 2305 413 404 2306 451
404 2307 451 367 2308 413 368 2309 414
404 2310 451 368 2311 414 405 2312 452
405 2313 452 368 2314 414 369 2315 415
405 2316 452 369 2317 415 406 2318 453
406 2319 453 369 2320 415 370 2321 416
406 2322 453 370 2323 416 407 2324 454
407 2325 454 370 2326 416 371 2327 417
407 2328 454 371 2329 417 408 2330 455
408 2331 455 371 2332 417 372 2333 418
408 2334 455 372 2335 418 409 2336 456
409 2337 456 372 2338 418 373 2339 419
409 2340 456 373 2341 419 410 2342 457
410 2343 457 373 2344 419 374 2345 420
410 2346 457 374 2347 420 411 2348 458
411 2349 458 374 2350 420 375 2351 421
411 2352 458 375 2353 421 412 2354 459
412 2355 459 375 2356 421 376 2357 422
412 2358 459 376 2359 422 413 2360 460
413 2361 460 376 2362 422 377 2363 423
413 2364 460 377 2365 423 414 2366 461
414 2367 461 377 2368 423 378 2369 424
414 2370 461 378 2371 424 415 2372 462
415 2373 462 378 2374 424 379 2375 425
415 2376 462 379 2377 425 416 2378 463
416 2379 463 379 2380 425 380 2381 426
416 2382 463 380 2383 426 417 2384 464
417 2385 464 380 2386 426 381 2387 427
417 2388 464 381 2389 427 418 2390 465
418 2391 465 381 2392 427 382 2393 428
418 2394 465 382 2395 428 419 2396 466
419 2397 466 382 2398 428 383 2399 429
419 2400 466 383 2401 429 420 2402 467
420 2403 467 383 2404 429 384 2405 430
420 2406 467 384 2407 430 421 2408 468
421 2409 468 384 2410 430 385 2411 431
421 2412 468 385 2413 431 422 2414 469
422 2415 469 385 2416 431 386 2417 432
422 2418 469 386 2419 432 423 2420 470
423 2421 470 386 2422 432 387 2423 433
423 2424 470 387 2425 433 424 2426 471
424 2427 471 387 2428 433 388 2429 434
424 2430 471 388 2431 434 425 2432 472
425 2433 472 388 2434 434 389 2435 435
425 2436 472 389 2437 435 426 2438 473
426 2439 473 389 2440 435 390 2441 436
426 2442 473 390 2443 436 427 2444 474
427 2445 474 390 2446 436 391 2447 437
427 2448 474 391 2449 437 428 2450 475
428 2451 475 391 2452 437 392 2453 438
428 2454 475 392 2455 438 429 2456 476
429 2457 476 392 2458 438 393 2459 439
429 2460 476 393 2461 439 430 2462 477
430 2463 477 393 2464 439 394 2465 440
430 2466 477 394 2467 440 431 2468 478
431 2469 478 394 2470 440 395 2471 441
431 2472 478 395 2473 441 432 2474 479
432 2475 479 395 2476 441 396 2477 442
432 2478 479 396 2479 442 397 2480 480
397 2481 480 396 2482 442 361 2483 443
433 2484 481 397 2485 444 434 2486 482
434 2487 482 397 2488 444 398 2489 445
434 2490 482 398 2491 445 435 2492 483
435 2493 483 398 2494 445 399 2495 446
435 2496 483 399 2497 446 436 2498 484
436 2499 484 399 2500 446 400 2501 447
436 2502 484 400 2503 447 437 2504 485
437 2505 485 400 2506 447 401 2507 448
437 2508 485 401 2509 448 438 2510 486
438 2511 486 401 2512 448 402 2513 449
438 2514 486 402 2515 449 439 2516 487
439 2517 487 402 2518 449 403 2519 450
439 2520 487 403 2521 450 440 2522 488
440 2523 488 403 2524 450 404 2525 451
440 2526 488 404 2527 451 441 2528 489
441 2529 489 404 2530 451 405 2531 452
441 2532 489 405 2533 452 442 2534 490
442 2535 490 405 2536 452 406 2537 453
442 2538 490 406 2539 453 443 2540 491
443 2541 491 406 2542 453 407 2543 454
443 2544 491 407 2545 454 444 2546 492
444 2547 492 407 2548 454 408 2549 455
444 2550 492 408 2551 455 445 2552 493
445 2553 493 408 2554 455 409 2555 456
445 2556 493 409 2557 456 446 2558 494
446 2559 494 409 2560 456 410 2561 457
446 2562 494 410 2563 457 447 2564 495
447 2565 495 410 2566 457 411 2567 458
447 2568 495 411 2569 458 448 2570 496
448 2571 496 411 2572 458 412 2573 459
448 2574 496 412 2575 459 449 2576 497
449 2577 497 412 2578 459 413 2579 460
449 2580 497 413 2581 460 450 2582 498
450 2583 498 413 2584 460 414 2585 461
450 2586 498 414 2587 461 451 2588 499
451 2589 499 414 2590 461 415 2591 462
451 2592 499 415 2593 462 452 2594 500
452 2595 500 415 2596 462 416 2597 463
452 2598 500 416 2599 463 453 2600 501
453 2601 501 416 2602 463 417 2603 464
453 2604 501 417 2605 464 454 2606 502
454 2607 502 417 2608 464 418 2609 465
454 2610 502 418 2611 465 455 2612 503
455 2613 503 418 2614 465 419 2615 466
455 2616 503 419 2617 466 456 2618 504
456 2619 504 419 2620 466 420 2621 467
456 2622 504 420 2623 467 457 2624 505
457 2625 505 420 2626 467 421 2627 468
457 2628 505 421 2629 468 458 2630 506
458 2631 506 421 2632 468 422 2633 469
458 2634 506 422 2635 469 459 2636 507
459 2637 507 422 2638 469 423 2639 470
459 2640 507 423 2641 470 460 2642 508
460 2643 508 423 2644 470 424 2645 471
460 2646 508 424 2647 471 461 2648 509
461 2649 509 424 2650 471 425 2651 472
461 2652 509 425 2653 472 462 2654 510
462 2655 510 425 2656 472 426 2657 473
462 2658 510 426 2659 473 463 2660 511
463 2661 511 426 2662 473 427 2663 474
463 2664 511 427 2665 474 464 2666 512
464 2667 512 427 2668 474 428 2669 475
464 2670 512 428 2671 475 465 2672 513
465 2673 513 428 2674 475 429 2675 476
465 2676 513 429 2677 476 466 2678 514
466 2679 514 429 2680 476 430 2681 477
466 2682 514 430 2683 477 467 2684 515
467 2685 515 430 2686 477 431 2687 478
467 2688 515 431 2689 478 468 2690 516
468 2691 516 431 2692 478 432 2693 479
468 2694 516 432 2695 479 433 2696 517
433 2697 517 432 2698 479 397 2699 480
469 2700 518 433 2701 481 470 2702 519
470 2703 519 433 2704 481 434 2705 482
470 2706 519 434 2707 482 471 2708 520
471 2709 520 434 2710 482 435 2711 483
471 2712 520 435 2713 483 472 2714 521
472 2715 521 435 2716 483 436 2717 484
472 2718 521 436 2719 484 473 2720 522
473 2721 522 436 2722 484 437 2723 485
473 2724 522 437 2725 485 474 2726 523
474 2727 523 437 2728 485 438 2729 486
474 2730 523 438 2731 486 475 2732 524
475 2733 524 438 2734 486 439 2735 487
475 2736 524 439 2737 487 476 2738 525
476 2739 525 439 2740 487 440 2741 488
476 2742 525 440 2743 488 477 2744 526
477 2745 526 440 2746 488 441 2747 489
477 2748 526 441 2749 489 478 2750 527
478 2751 527 441 2752 489 442 2753 490
478 2754 527 442 2755 490 479 2756 528
479 2757 528 442 2758 490 443 2759 491
479 2760 528 443 2761 491 480 2762 529
480 2763 529 443 2764 491 444 2765 492
480 2766 529 444 2767 492 481 2768 530
481 2769 530 444 2770 492 445 2771 493
481 2772 530 445 2773 493 482 2774 531
482 2775 531 445 2776 493 446 2777 494
482 2778 531 446 2779 494 483 2780 532
483 2781 532 446 2782 494 447 2783 495
483 2784 532 447 2785 495 484 2786 533
484 2787 533 447 2788 495 448 2789 496
484 2790 533 448 2791 496 485 2792 534
485 2793 534 448 2794 496 449 2795 497
485 2796 534 449 2797 497 486 2798 535
486 2799 535 449 2800 497 450 2801 498
486 2802 535 450 2803 498 487 2804 536
487 2805 536 450 2806 498 451 2807 499
487 2808 536 451 2809 499 488 2810 537
488 2811 537 451 2812 499 452 2813 500
488 2814 537 452 2815 500 489 2816 538
489 2817 538 452 2818 500 453 2819 501
489 2820 538 453 2821 501 490 2822 539
490 2823 539 453 2824 501 454 2825 502
490 2826 539 454 2827 502 491 2828 540
491 2829 540 454 2830 502 455 2831 503
491 2832 540 455 2833 503 492 2834 541
492 2835 541 455 2836 503 456 2837 504
492 2838 541 456 2839 504 493 2840 542
493 2841 542 456 2842 504 457 2843 505
493 2844 542 457 2845 505 494 2846 543
494 2847 543 457 2848 505 458 2849 506
494 2850 543 458 2851 506 495 2852 544
495 2853 544 458 2854 506 459 2855 507
495 2856 544 459 2857 507 496 2858 545
496 2859 545 459 2860 507 460 2861 508
496 2862 545 460 2863 508 497 2864 546
497 2865 546 460 2866 508 461 2867 509
497 2868 546 461 2869 509 498 2870 547
498 2871 547 461 2872 509 462 2873 510
498 2874 547 462 2875 510 499 2876 548
499 2877 548 462 2878 510 463 2879 511
499 2880 548 463 2881 511 500 2882 549
500 2883 549 463 2884 511 464 2885 512
500 2886 549 464 2887 512 501 2888 550
501 2889 550 464 2890 512 465 2891 513
501 2892 550 465 2893 513 502 2894 551
502 2895 551 465 2896 513 466 2897 514
502 2898 551 466 2899 514 503 2900 552
503 2901 552 466 2902 514 467 2903 515
503 2904 552 467 2905 515 504 2906 553
504 2907 553 467 2908 515 468 2909 516
504 2910 553 468 2911 516 469 2912 554
469 2913 554 468 2914 516 433 2915 517
505 2916 555 469 2917 518 506 2918 556
506 2919 556 469 2920 518 470 2921 519
506 2922 556 470 2923 519 507 2924 557
507 2925 557 470 2926 519 471 2927 520
507 2928 557 471 2929 520 508 2930 558
508 2931 558 471 2932 520 472 2933 521
508 2934 558 472 2935 521 509 2936 559
509 2937 559 472 2938 521 473 2939 522
509 2940 559 473 2941 522 510 2942 560
510 2943 560 473 2944 522 474 2945 523
510 2946 560 474 2947 523 511 2948 561
511 2949 561 474 2950 523 475 2951 524
511 2952 561 475 2953 524 512 2954 562
512 2955 562 475 2956 524 476 2957 525
512 2958 562 476 2959 525 513 2960 563
513 2961 563 476 2962 525 477 2963 526
513 2964 563 477 2965 526 514 2966 564
514 2967 564 477 2968 526 478 2969 527
514 2970 564 478 2971 527 515 2972 565
515 2973 565 478 2974 527 479 2975 528
515 2976 565 479 2977 528 516 2978 566
516 2979 566 479 2980 528 480 2981 529
516 2982 566 480 2983 529 517 2984 567
517 2985 567 480 2986 529 481 2987 530
517 2988 567 481 2989 530 518 2990 568
518 2991 568 481 2992 530 482 2993 531
518 2994 568 482 2995 531 519 2996 569
519 2997 569 482 2998 531 483 2999 532
519 3000 569 483 3001 532 520 3002 570
520 3003 570 483 3004 532 484 3005 533
520 3006 570 484 3007 533 521 3008 571
521 3009 571 484 3010 533 485 3011 534
521 3012 571 485 3013 534 522 3014 572
522 3015 572 485 3016 534 486 3017 535
522 3018 572 486 3019 535 523 3020 573
523 3021 573 486 3022 535 487 3023 536
523 3024 573 487 3025 536 524 3026 574
524 3027 574 487 3028 536 488 3029 537
524 3030 574 488 3031 537 525 3032 575
525 3033 575 488 3034 537 489 3035 538
525 3036 575 489 3037 538 526 3038 576
526 3039 576 489 3040 538 490 3041 539
526 3042 576 490 3043 539 527 3044 577
527 3045 577 490 3046 539 491 3047 540
527 3048 577 491 3049 540 528 3050 578
528 3051 578 491 3052 540 492 3053 541
528 3054 578 492 3055 541 529 3056 579
529 3057 579 492 3058 541 493 3059 542
529 3060 579 493 3061 542 530 3062 580
530 3063 580 493 3064 542 494 3065 543
530 3066 580 494 3067 543 531 3068 581
531 3069 581 494 3070 543 495 3071 544
531 3072 581 495 3073 544 532 3074 582
532 3075 582 495 3076 544 496 3077 545
532 3078 582 496 3079 545 533 3080 583
533 3081 583 496 3082 545 497 3083 546
533 3084 583 497 3085 546 534 3086 584
534 3087 584 497 3088 546 498 3089 547
534 3090 584 498 3091 547 535 3092 585
535 3093 585 498 3094 547 499 3095 548
535 3096 585 499 3097 548 536 3098 586
536 3099 586 499 3100 548 500 3101 549
536 3102 586 500 3103 549 537 3104 587
537 3105 587 500 3106 549 501 3107 550
537 3108 587 501 3109 550 538 3110 588
538 3111 588 501 3112 550 502 3113 551
538 3114 588 502 3115 551 539 3116 589
539 3117 589 502 3118 551 503 3119 552
539 3120 589 503 3121 552 540 3122 590
540 3123 590 503 3124 552 504 3125 553
540 3126 590 504 3127 553 505 3128 591
505 3129 591 504 3130 553 469 3131 554
541 3132 592 505 3133 555 542 3134 593
542 3135 593 505 3136 555 506 3137 556
542 3138 593 506 3139 556 543 3140 594
543 3141 594 506 3142 556 507 3143 557
543 3144 594 507 3145 557 544 3146 595
544 3147 595 507 3148 557 508 3149 558
544 3150 595 508 3151 558 545 3152 596
545 3153 596 508 3154 558 509 3155 559
545 3156 596 509 3157 559 546 3158 597
546 3159 597 509 3160 559 510 3161 560
546 3162 597 510 3163 560 547 3164 598
547 3165 598 510 3166 560 511 3167 561
547 3168 598 511 3169 561 548 3170 599
548 3171 599 511 3172 561 512 3173 562
548 3174 599 512 3175 562 549 3176 600
549 3177 600 512 3178 562 513 3179 563
549 3180 600 513 3181 563 550 3182 601
550 3183 601 513 3184 563 514 3185 564
550 3186 601 514 3187 564 551 3188 602
551 3189 602 514 3190 564 515 3191 565
551 3192 602 515 3193 565 552 3194 603
552 3195 603 515 3196 565 516 3197 566
552 3198 603 516 3199 566 553 3200 604
553 3201 604 516 3202 566 517 3203 567
553 3204 604 517 3205 567 554 3206 605
554 3207 605 517 3208 567 518 3209 568
554 3210 605 518 3211 568 555 3212 606
555 3213 606 518 3214 568 519 3215 569
555 3216 606 519 3217 569 556 3218 607
556 3219 607 519 3220 569 520 3221 570
556 3222 607 520 3223 570 557 3224 608
557 3225 608 520 3226 570 521 3227 571
557 3228 608 521 3229 571 558 3230 609
558 3231 609 521 3232 571 522 3233 572
558 3234 609 522 3235 572 559 3236 610
559 3237 610 522 3238 572 523 3239 573
559 3240 610 523 3241 573 560 3242 611
560 3243 611 523 3244 573 524 3245 574
560 3246 611 524 3247 574 561 3248 612
561 3249 612 524 3250 574 525 3251 575
561 3252 612 525 3253 575 562 3254 613
562 3255 613 525 3256 575 526 3257 576
562 3258 613 526 3259 576 563 3260 614
563 3261 614 526 3262 576 527 3263 577
563 3264 614 527 3265 577 564 3266 615
564 3267 615 527 3268 577 528 3269 578
564 3270 615 528 3271 578 565 3272 616
565 3273 616 528 3274 578 529 3275 579
565 3276 616 529 3277 579 566 3278 617
566 3279 617 529 3280 579 530 3281 580
566 3282 617 530 3283 580 567 3284 618
567 3285 618 530 3286 580 531 3287 581
567 3288 618 531 3289 581 568 3290 619
568 3291 619 531 3292 581 532 3293 582
568 3294 619 532 3295 582 569 3296 620
569 3297 620 532 3298 582 533 3299 583
569 3300 620 533 3301 583 570 3302 621
570 3303 621 533 3304 583 534 3305 584
570 3306 621 534 3307 584 571 3308 622
571 3309 622 534 3310 584 535 3311 585
571 3312 622 535 3313 585 572 3314 623
572 3315 623 535 3316 585 536 3317 586
572 3318 623 536 3319 586 573 3320 624
573 3321 624 536 3322 586 537 3323 587
573 3324 624 537 3325 587 574 3326 625
574 3327 625 537 3328 587 538 3329 588
574 3330 625 538 3331 588 575 3332 626
575 3333 626 538 3334 588 539 3335 589
575 3336 626 539 3337 589 576 3338 627
576 3339 627 539 3340 589 540 3341 590
576 3342 627 540 3343 590 541 3344 628
541 3345 628 540 3346 590 505 3347 591
577 3348 629 541 3349 592 578 3350 630
578 3351 630 541 3352 592 542 3353 593
578 3354 630 542 3355 593 579 3356 631
579 3357 631 542 3358 593 543 3359 594
579 3360 631 543 3361 594 580 3362 632
580 3363 632 543 3364 594 544 3365 595
580 3366 632 544 3367 595 581 3368 633
581 3369 633 544 3370 595 545 3371 596
581 3372 633 545 3373 596 582 3374 634
582 3375 634 545 3376 596 546 3377 597
582 3378 634 546 3379 597 583 3380 635
583 3381 635 546 3382 597 547 3383 598
583 3384 635 547 3385 598 584 3386 636
584 3387 636 547 3388 598 548 3389 599
584 3390 636 548 3391 599 585 3392 637
585 3393 637 548 3394 599 549 3395 600
585 3396 637 549 3397 600 586 3398 638
586 3399 638 549 3400 600 550 3401 601
586 3402 638 550 3403 601 587 3404 639
587 3405 639 550 3406 601 551 3407 602
587 3408 639 551 3409 602 588 3410 640
588 3411 640 551 3412 602 552 3413 603
588 3414 640 552 3415 603 589 3416 641
589 3417 641 552 3418 603 553 3419 604
589 3420 641 553 3421 604 590 3422 642
590 3423 642 553 3424 604 554 3425 605
590 3426 642 554 3427 605 591 3428 643
591 3429 643 554 3430 605 555 3431 606
591 3432 643 555 3433 606 592 3434 644
592 3435 644 555 3436 606 556 3437 607
592 3438 644 556 3439 607 593 3440 645
593 3441 645 556 3442 607 557 3443 608
593 3444 645 557 3445 608 594 3446 646
594 3447 646 557 3448 608 558 3449 609
594 3450 646 558 3451 609 595 3452 647
595 3453 647 558 3454 609 559 3455 610
595 3456 647 559 3457 610 596 3458 648
596 3459 648 559 3460 610 560 3461 611
596 3462 648 560 3463 611 597 3464 649
597 3465 649 560 3466 611 561 3467 612
597 3468 649 561 3469 612 598 3470 650
598 3471 650 561 3472 612 562 3473 613
598 3474 650 562 3475 613 599 3476 651
599 3477 651 562 3478 613 563 3479 614
599 3480 651 563 3481 614 600 3482 652
600 3483 652 563 3484 614 564 3485 615
600 3486 652 564 3487 615 601 3488 653
601 3489 653 564 3490 615 565 3491 616
601 3492 653 565 3493 616 602 3494 654
602 3495 654 565 3496 616 566 3497 617
602 3498 654 566 3499 617 603 3500 655
603 3501 655 566 3502 617 567 3503 618
603 3504 655 567 3505 618 604 3506 656
604 3507 656 567 3508 618 568 3509 619
604 3510 656 568 3511 619 605 3512 657
605 3513 657 568 3514 619 569 3515 620
605 3516 657 569 3517 620 606 3518 658
606 3519 658 569 3520 620 570 3521 621
606 3522 658 570 3523 621 607 3524 659
607 3525 659 570 3526 621 571 3527 622
607 3528 659 571 3529 622 608 3530 660
608 3531 660 571 3532 622 572 3533 623
608 3534 660 572 3535 623 609 3536 661
609 3537 661 572 3538 623 573 3539 624
609 3540 661 573 3541 624 610 3542 662
610 3543 662 573 3544 624 574 3545 625
610 3546 662 574 3547 625 611 3548 663
611 3549 663 574 3550 625 575 3551 626
611 3552 663 575 3553 626 612 3554 664
612 3555 664 575 3556 626 576 3557 627
612 3558 664 576 3559 627 577 3560 665
577 3561 665 576 3562 627 541 3563 628
578 3564 630 613 3565 666 577 3566 629
579 3567 631 613 3568 667 578 3569 630
580 3570 632 613 3571 668 579 3572 631
581 3573 633 613 3574 669 580 3575 632
582 3576 634 613 3577 670 581 3578 633
583 3579 635 613 3580 671 582 3581 634
584 3582 636 613 3583 672 583 3584 635
585 3585 637 613 3586 673 584 3587 636
586 3588 638 613 3589 674 585 3590 637
587 3591 639 613 3592 675 586 3593 638
588 3594 640 613 3595 676 587 3596 639
589 3597 641 613 3598 677 588 3599 640
590 3600 642 613 3601 678 589 3602 641
591 3603 643 613 3604 679 590 3605 642
592 3606 644 613 3607 680 591 3608 643
593 3609 645 613 3610 681 592 3611 644
594 3612 646 613 3613 682 593 3614 645
595 3615 647 613 3616 683 594 3617 646
596 3618 648 613 3619 684 595 3620 647
597 3621 649 613 3622 685 596 3623 648
598 3624 650 613 3625 686 597 3626 649
599 3627 651 613 3628 687 598 3629 650
600 3630 652 613 3631 688 599 3632 651
601 3633 653 613 3634 689 600 3635 652
602 3636 654 613 3637 690 601 3638 653
603 3639 655 613 3640 691 602 3641 654
604 3642 656 613 3643 692 603 3644 655
605 3645 657 613 3646 693 604 3647 656
606 3648 658 613 3649 694 605 3650 657
607 3651 659 613 3652 695 606 3653 658
608 3654 660 613 3655 696 607 3656 659
609 3657 661 613 3658 697 608 3659 660
610 3660 662 613 3661 698 609 3662 661
611 3663 663 613 3664 699 610 3665 662
612 3666 664 613 3667 700 611 3668 663
577 3669 665 613 3670 701 612 3671 664