0.000000 1.000000
0.027778 1.000000
0.055556 1.000000
0.083333 1.000000
0.111111 1.000000
0.138889 1.000000
0.166667 1.000000
0.194444 1.000000
0.222222 1.000000
0.250000 1.000000
0.277778 1.000000
0.305556 1.000000
0.333333 1.000000
0.361111 1.000000
0.388889 1.000000
0.416667 1.000000
0.444444 1.000000
0.472222 1.000000
0.500000 1.000000
0.527778 1.000000
0.555555 1.000000
0.583333 1.000000
0.611111 1.000000
0.638889 1.000000
0.666667 1.000000
0.694444 1.000000
0.722222 1.000000
0.750000 1.000000
0.777778 1.000000
0.805555 1.000000
0.833333 1.000000
0.861111 1.000000
0.888889 1.000000
0.916667 1.000000
0.944444 1.000000
0.972222 1.000000
1.000000 1.000000
0.000000 0.944444
0.027778 0.944444
0.055556 0.944444
0.083333 0.944444
0.111111 0.944444
0.138889 0.944444
0.166667 0.944444
0.194444 0.944444
0.222222 0.944444
0.250000 0.944444
0.277778 0.944444
0.305556 0.944444
0.333333 0.944444
0.361111 0.944444
0.388889 0.944444
0.416667 0.944444
0.444444 0.944444
0.472222 0.944444
0.500000 0.944444
0.527778 0.944444
0.555555 0.944444
0.583333 0.944444
0.611111 0.944444
0.638889 0.944444
0.666667 0.944444
0.694444 0.944444
0.722222 0.944444
0.750000 0.944444
0.777778 0.944444
0.805555 0.944444
0.833333 0.944444
0.861111 0.944444
0.888889 0.944444
0.916667 0.944444
0.944444 0.944444
0.972222 0.944444
1.000000 0.944444
0.000000 0.888889
0.027778 0.888889
0.055556 0.888889
0.083333 0.888889
0.111111 0.888889
0.138889 0.888889
0.166667 0.888889
0.194444 0.888889
0.222222 0.888889
0.250000 0.888889
0.277778 0.888889
0.305556 0.888889
0.333333 0.888889
0.361111 0.888889
0.388889 0.888889
0.416667 0.888889
0.444444 0.888889
0.472222 0.888889
0.500000 0.888889
0.527778 0.888889
0.555555 0.888889
0.583333 0.888889
0.611111 0.888889
0.638889 0.888889
0.666667 0.888889
0.694444 0.888889
0.722222 0.888889
0.750000 0.888889
0.777778 0.888889
0.805555 0.888889
0.833333 0.888889
0.861111 0.888889
0.888889 0.888889
0.916667 0.888889
0.944444 0.888889
0.972222 0.888889
1.000000 0.888889
0.000000 0.833333
0.027778 0.833333
0.055556 0.833333
0.083333 0.833333
0.111111 0.833333
0.138889 0.833333
0.166667 0.833333
0.194444 0.833333
0.222222 0.833333
0.250000 0.833333
0.277778 0.833333
0.305556 0.833333
0.333333 0.833333
0.361111 0.833333
0.388889 0.833333
0.416667 0.833333
0.444444 0.833333
0.472222 0.833333
0.500000 0.833333
0.527778 0.833333
0.555555 0.833333
0.583333 0.833333
0.611111 0.833333
0.638889 0.833333
0.666667 0.833333
0.694444 0.833333
0.722222 0.833333
0.750000 0.833333
0.777778 0.833333
0.805555 0.833333
0.833333 0.833333
0.861111 0.833333
0.888889 0.833333
0.916667 0.833333
0.944444 0.833333
0.972222 0.833333
1.000000 0.833333
0.000000 0.777778
0.027778 0.777778
0.055556 0.777778
0.083333 0.777778
0.111111 0.777778
0.138889 0.777778
0.166667 0.777778
0.194444 0.777778
0.222222 0.777778
0.250000 0.777778
0.277778 0.777778
0.305556 0.777778
0.333333 0.777778
0.361111 0.777778
0.388889 0.777778
0.416667 0.777778
0.444444 0.777778
0.472222 0.777778
0.500000 0.777778
0.527778 0.777778
0.555555 0.777778
0.583333 0.777778
0.611111 0.777778
0.638889 0.777778
0.666667 0.777778
0.694444 0.777778
0.722222 0.777778
0.750000 0.777778
0.777778 0.777778
0.805555 0.777778
0.833333 0.777778
0.861111 0.777778
0.888889 0.777778
0.916667 0.777778
0.944444 0.777778
0.972222 0.777778
1.000000 0.777778
0.000000 0.722222
0.027778 0.722222
0.055556 0.722222
0.083333 0.722222
0.111111 0.722222
0.138889 0.722222
0.166667 0.722222
0.194444 0.722222
0.222222 0.722222
0.250000 0.722222
0.277778 0.722222
0.305556 0.722222
0.333333 0.722222
0.361111 0.722222
0.388889 0.722222
0.416667 0.722222
0.444444 0.722222
0.472222 0.722222
0.500000 0.722222
0.527778 0.722222
0.555555 0.722222
0.583333 0.722222
0.611111 0.722222
0.638889 0.722222
0.666667 0.722222
0.694444 0.722222
0.722222 0.722222
0.750000 0.722222
0.777778 0.722222
0.805555 0.722222
0.833333 0.722222
0.861111 0.722222
0.888889 0.722222
0.916667 0.722222
0.944444 0.722222
0.972222 0.722222
1.000000 0.722222
0.000000 0.666667
0.027778 0.666667
0.055556 0.666667
0.083333 0.666667
0.111111 0.666667
0.138889 0.666667
0.166667 0.666667
0.194444 0.666667
0.222222 0.666667
0.250000 0.666667
0.277778 0.666667
0.305556 0.666667
0.333333 0.666667
0.361111 0.666667
0.388889 0.666667
0.416667 0.666667
0.444444 0.666667
0.472222 0.666667
0.500000 0.666667
0.527778 0.666667
0.555555 0.666667
0.583333 0.666667
0.611111 0.666667
0.638889 0.666667
0.666667 0.666667
0.694444 0.666667
0.722222 0.666667
0.750000 0.666667
0.777778 0.666667
0.805555 0.666667
0.833333 0.666667
0.861111 0.666667
0.888889 0.666667
0.916667 0.666667
0.944444 0.666667
0.972222 0.666667
1.000000 0.666667
0.000000 0.611111
0.027778 0.611111
0.055556 0.611111
0.083333 0.611111
0.111111 0.611111
0.138889 0.611111
0.166667 0.611111
0.194444 0.611111
0.222222 0.611111
0.250000 0.611111
0.277778 0.611111
0.305556 0.611111
0.333333 0.611111
0.361111 0.611111
0.388889 0.611111
0.416667 0.611111
0.444444 0.611111
0.472222 0.611111
0.500000 0.611111
0.527778 0.611111
0.555555 0.611111
0.583333 0.611111
0.611111 0.611111
0.638889 0.611111
0.666667 0.611111
0.694444 0.611111
0.722222 0.611111
0.750000 0.611111
0.777778 0.611111
0.805555 0.611111
0.833333 0.611111
0.861111 0.611111
0.888889 0.611111
0.916667 0.611111
0.944444 0.611111
0.972222 0.611111
1.000000 0.611111
0.000000 0.555556
0.027778 0.555556
0.055556 0.555556
0.083333 0.555556
0.111111 0.555556
0.138889 0.555556
0.166667 0.555556
0.194444 0.555556
0.222222 0.555556
0.250000 0.555556
0.277778 0.555556
0.305556 0.555556
0.333333 0.555556
0.361111 0.555556
0.388889 0.555556
0.416667 0.555556
0.444444 0.555556
0.472222 0.555556
0.500000 0.555556
0.527778 0.555556
0.555555 0.555556
0.583333 0.555556
0.611111 0.555556
0.638889 0.555556
0.666667 0.555556
0.694444 0.555556
0.722222 0.555556
0.750000 0.555556
0.777778 0.555556
0.805555 0.555556
0.833333 0.555556
0.861111 0.555556
0.888889 0.555556
0.916667 0.555556
0.944444 0.555556
0.972222 0.555556
1.000000 0.555556
0.000000 0.500000
0.027778 0.500000
0.055556 0.500000
0.083333 0.500000
0.111111 0.500000
0.138889 0.500000
0.166667 0.500000
0.194444 0.500000
0.222222 0.500000
0.250000 0.500000
0.277778 0.500000
0.305556 0.500000
0.333333 0.500000
0.361111 0.500000
0.388889 0.500000
0.416667 0.500000
0.444444 0.500000
0.472222 0.500000
0.500000 0.500000
0.527778 0.500000
0.555555 0.500000
0.583333 0.500000
0.611111 0.500000
0.638889 0.500000
0.666667 0.500000
0.694444 0.500000
0.722222 0.500000
0.750000 0.500000
0.777778 0.500000
0.805555 0.500000
0.833333 0.500000
0.861111 0.500000
0.888889 0.500000
0.916667 0.500000
0.944444 0.500000
0.972222 0.500000
1.000000 0.500000
0.000000 0.444444
0.027778 0.444444
0.055556 0.444444
0.083333 0.444444
0.111111 0.444444
0.138889 0.444444
0.166667 0.444444
0.194444 0.444444
0.222222 0.444444
0.250000 0.444444
0.277778 0.444444
0.305556 0.444444
0.333333 0.444444
0.361111 0.444444
0.388889 0.444444
0.416667 0.444444
0.444444 0.444444
0.472222 0.444444
0.500000 0.444444
0.527778 0.444444
0.555555 0.444444
0.583333 0.444444
0.611111 0.444444
0.638889 0.444444
0.666667 0.444444
0.694444 0.444444
0.722222 0.444444
0.750000 0.444444
0.777778 0.444444
0.805555 0.444444
0.833333 0.444444
0.861111 0.444444
0.888889 0.444444
0.916667 0.444444
0.944444 0.444444
0.972222 0.444444
1.000000 0.444444
0.000000 0.388889
0.027778 0.388889
0.055556 0.388889
0.083333 0.388889
0.111111 0.388889
0.138889 0.388889
0.166667 0.388889
0.194444 0.388889
0.222222 0.388889
0.250000 0.388889
0.277778 0.388889
0.305556 0.388889
0.333333 0.388889
0.361111 0.388889
0.388889 0.388889
0.416667 0.388889
0.444444 0.388889
0.472222 0.388889
0.500000 0.388889
0.527778 0.388889
0.555555 0.388889
0.583333 0.388889
0.611111 0.388889
0.638889 0.388889
0.666667 0.388889
0.694444 0.388889
0.722222 0.388889
0.750000 0.388889
0.777778 0.388889
0.805555 0.388889
0.833333 0.388889
0.861111 0.388889
0.888889 0.388889
0.916667 0.388889
0.944444 0.388889
0.972222 0.388889
1.000000 0.388889
0.000000 0.333333
0.027778 0.333333
0.055556 0.333333
0.083333 0.333333
0.111111 0.333333
0.138889 0.333333
0.166667 0.333333
0.194444 0.333333
0.222222 0.333333
0.250000 0.333333
0.277778 0.333333
0.305556 0.333333
0.333333 0.333333
0.361111 0.333333
0.388889 0.333333
0.416667 0.333333
0.444444 0.333333
0.472222 0.333333
0.500000 0.333333
0.527778 0.333333
0.555555 0.333333
0.583333 0.333333
0.611111 0.333333
0.638889 0.333333
0.666667 0.333333
0.694444 0.333333
0.722222 0.333333
0.750000 0.333333
0.777778 0.333333
0.805555 0.333333
0.833333 0.333333
0.861111 0.333333
0.888889 0.333333
0.916667 0.333333
0.944444 0.333333
0.972222 0.333333
1.000000 0.333333
0.000000 0.277778
0.027778 0.277778
0.055556 0.277778
0.083333 0.277778
0.111111 0.277778
0.138889 0.277778
0.166667 0.277778
0.194444 0.277778
0.222222 0.277778
0.250000 0.277778
0.277778 0.277778
0.305556 0.277778
0.333333 0.277778
0.361111 0.277778
0.388889 0.277778
0.416667 0.277778
0.444444 0.277778
0.472222 0.277778
0.500000 0.277778
0.527778 0.277778
0.555555 0.277778
0.583333 0.277778
0.611111 0.277778
0.638889 0.277778
0.666667 0.277778
0.694444 0.277778
0.722222 0.277778
0.750000 0.277778
0.777778 0.277778
0.805555 0.277778
0.833333 0.277778
0.861111 0.277778
0.888889 0.277778
0.916667 0.277778
0.944444 0.277778
0.972222 0.277778
1.000000 0.277778
0.000000 0.222222
0.027778 0.222222
0.055556 0.222222
0.083333 0.222222
0.111111 0.222222
0.138889 0.222222
0.166667 0.222222
0.194444 0.222222
0.222222 0.222222
0.250000 0.222222
0.277778 0.222222
0.305556 0.222222
0.333333 0.222222
0.361111 0.222222
0.388889 0.222222
0.416667 0.222222
0.444444 0.222222
0.472222 0.222222
0.500000 0.222222
0.527778 0.222222
0.555555 0.222222
0.583333 0.222222
0.611111 0.222222
0.638889 0.222222
0.666667 0.222222
0.694444 0.222222
0.722222 0.222222
0.750000 0.222222
0.777778 0.222222
0.805555 0.222222
0.833333 0.222222
0.861111 0.222222
0.888889 0.222222
0.916667 0.222222
0.944444 0.222222
0.972222 0.222222
1.000000 0.222222
0.000000 0.166667
0.027778 0.166667
0.055556 0.166667
0.083333 0.166667
0.111111 0.166667
0.138889 0.166667
0.166667 0.166667
0.194444 0.166667
0.222222 0.166667
0.250000 0.166667
0.277778 0.166667
0.305556 0.166667
0.333333 0.166667
0.361111 0.166667
0.388889 0.166667
0.416667 0.166667
0.444444 0.166667
0.472222 0.166667
0.500000 0.166667
0.527778 0.166667
0.555555 0.166667
0.583333 0.166667
0.611111 0.166667
0.638889 0.166667
0.666667 0.166667
0.694444 0.166667
0.722222 0.166667
0.750000 0.166667
0.777778 0.166667
0.805555 0.166667
0.833333 0.166667
0.861111 0.166667
0.888889 0.166667
0.916667 0.166667
0.944444 0.166667
0.972222 0.166667
1.000000 0.166667
0.000000 0.111111
0.027778 0.111111
0.055556 0.111111
0.083333 0.111111
0.111111 0.111111
0.138889 0.111111
0.166667 0.111111
0.194444 0.111111
0.222222 0.111111
0.250000 0.111111
0.277778 0.111111
0.305556 0.111111
0.333333 0.111111
0.361111 0.111111
0.388889 0.111111
0.416667 0.111111
0.444444 0.111111
0.472222 0.111111
0.500000 0.111111
0.527778 0.111111
0.555555 0.111111
0.583333 0.111111
0.611111 0.111111
0.638889 0.111111
0.666667 0.111111
0.694444 0.111111
0.722222 0.111111
0.750000 0.111111
0.777778 0.111111
0.805555 0.111111
0.833333 0.111111
0.861111 0.111111
0.888889 0.111111
0.916667 0.111111
0.944444 0.111111
0.972222 0.111111
1.000000 0.111111
0.000000 0.055556
0.027778 0.055556
0.055556 0.055556
0.083333 0.055556
0.111111 0.055556
0.138889 0.055556
0.166667 0.055556
0.194444 0.055556
0.222222 0.055556
0.250000 0.055556
0.277778 0.055556
0.305556 0.055556
0.333333 0.055556
0.361111 0.055556
0.388889 0.055556
0.416667 0.055556
0.444444 0.055556
0.472222 0.055556
0.500000 0.055556
0.527778 0.055556
0.555555 0.055556
0.583333 0.055556
0.611111 0.055556
0.638889 0.055556
0.666667 0.055556
0.694444 0.055556
0.722222 0.055556
0.750000 0.055556
0.777778 0.055556
0.805555 0.055556
0.833333 0.055556
0.861111 0.055556
0.888889 0.055556
0.916667 0.055556
0.944444 0.055556
0.972222 0.055556
1.000000 0.055556
0.000000 0.000000
0.027778 0.000000
0.055556 0.000000
0.083333 0.000000
0.111111 0.000000
0.138889 0.000000
0.166667 0.000000
0.194444 0.000000
0.222222 0.000000
0.250000 0.000000
0.277778 0.000000
0.305556 0.000000
0.333333 0.000000
0.361111 0.000000
0.388889 0.000000
0.416667 0.000000
0.444444 0.000000
0.472222 0.000000
0.500000 0.000000
0.527778 0.000000
0.555555 0.000000
0.583333 0.000000
0.611111 0.000000
0.638889 0.000000
0.666667 0.000000
0.694444 0.000000
0.722222 0.000000
0.750000 0.000000
0.777778 0.000000
0.805555 0.000000
0.833333 0.000000
0.861111 0.000000
0.888889 0.000000
0.916667 0.000000
0.944444 0.000000
0.972222 0.000000
1.000000 0.000000