0.000000 0.000000 100.000000
-0.000001 17.364819 98.480774
-3.015369 17.101007 98.480774
-5.939117 16.317593 98.480774
-8.682410 15.038374 98.480774
-11.161891 13.302222 98.480774
-13.302222 11.161891 98.480774
-15.038374 8.682410 98.480774
-16.317593 5.939119 98.480774
-17.101007 3.015371 98.480774
-17.364819 0.000003 98.480774
-17.101009 -3.015366 98.480774
-16.317593 -5.939114 98.480774
-15.038376 -8.682405 98.480774
-13.302226 -11.161886 98.480774
-11.161895 -13.302219 98.480774
-8.682414 -15.038371 98.480774
-5.939124 -16.317589 98.480774
-3.015376 -17.101007 98.480774
-0.000008 -17.364819 98.480774
3.015361 -17.101009 98.480774
5.939109 -16.317595 98.480774
8.682401 -15.038379 98.480774
11.161882 -13.302230 98.480774
13.302216 -11.161899 98.480774
15.038368 -8.682420 98.480774
16.317587 -5.939129 98.480774
17.101006 -3.015382 98.480774
17.364819 -0.000014 98.480774
17.101011 3.015355 98.480774
16.317596 5.939104 98.480774
15.038382 8.682396 98.480774
13.302233 11.161879 98.480774
11.161903 13.302213 98.480774
8.682424 15.038365 98.480774
5.939135 16.317585 98.480774
3.015387 17.101004 98.480774
-0.000001 34.202015 93.969261
-5.939118 33.682407 93.969261
-11.697778 32.139381 93.969261
-17.101009 29.619814 93.969261
-21.984632 26.200264 93.969261
-26.200264 21.984632 93.969261
-29.619814 17.101009 93.969261
-32.139381 11.697781 93.969261
-33.682407 5.939122 93.969261
-34.202015 0.000005 93.969261
-33.682411 -5.939112 93.969261
-32.139381 -11.697771 93.969261
-29.619818 -17.101000 93.969261
-26.200270 -21.984625 93.969261
-21.984640 -26.200256 93.969261
-17.101017 -29.619806 93.969261
-11.697791 -32.139378 93.969261
-5.939132 -33.682407 93.969261
-0.000016 -34.202015 93.969261
5.939101 -33.682411 93.969261
11.697762 -32.139385 93.969261
17.100990 -29.619823 93.969261
21.984615 -26.200277 93.969261
26.200249 -21.984648 93.969261
29.619802 -17.101028 93.969261
32.139374 -11.697801 93.969261
33.682404 -5.939143 93.969261
34.202015 -0.000027 93.969261
33.682415 5.939090 93.969261
32.139393 11.697751 93.969261
29.619829 17.100981 93.969261
26.200283 21.984608 93.969261
21.984657 26.200243 93.969261
17.101036 29.619797 93.969261
11.697811 32.139370 93.969261
5.939153 33.682404 93.969261
-0.000002 50.000000 86.602539
-8.682409 49.240387 86.602539
-17.101006 46.984631 86.602539
-25.000004 43.301270 86.602539
-32.139381 38.302223 86.602539
-38.302223 32.139381 86.602539
-43.301270 25.000004 86.602539
-46.984631 17.101011 86.602539
-49.240387 8.682415 86.602539
-50.000000 0.000008 86.602539
-49.240391 -8.682400 86.602539
-46.984634 -17.100998 86.602539
-43.301277 -24.999990 86.602539
-38.302231 -32.139370 86.602539
-32.139393 -38.302212 86.602539
-25.000015 -43.301262 86.602539
-17.101025 -46.984627 86.602539
-8.682430 -49.240383 86.602539
-0.000023 -50.000000 86.602539
8.682384 -49.240391 86.602539
17.100983 -46.984638 86.602539
24.999975 -43.301285 86.602539
32.139359 -38.302242 86.602539
38.302200 -32.139404 86.602539
43.301254 -25.000031 86.602539
46.984619 -17.101040 86.602539
49.240379 -8.682446 86.602539
50.000000 -0.000039 86.602539
49.240395 8.682368 86.602539
46.984646 17.100967 86.602539
43.301292 24.999962 86.602539
38.302250 32.139347 86.602539
32.139416 38.302193 86.602539
25.000042 43.301247 86.602539
17.101055 46.984612 86.602539
8.682461 49.240379 86.602539
-0.000003 64.278763 76.604446
-11.161891 63.302223 76.604446
-21.984631 60.402279 76.604446
-32.139385 55.667042 76.604446
-41.317593 49.240387 76.604446
-49.240387 41.317593 76.604446
-55.667042 32.139385 76.604446
-60.402279 21.984636 76.604446
-63.302223 11.161898 76.604446
-64.278763 0.000010 76.604446
-63.302227 -11.161879 76.604446
-60.402283 -21.984619 76.604446
-55.667049 -32.139366 76.604446
-49.240398 -41.317577 76.604446
-41.317608 -49.240376 76.604446
-32.139400 -55.667030 76.604446
-21.984655 -60.402271 76.604446
-11.161917 -63.302219 76.604446
-0.000030 -64.278763 76.604446
11.161859 -63.302231 76.604446
21.984600 -60.402290 76.604446
32.139347 -55.667061 76.604446
41.317562 -49.240414 76.604446
49.240360 -41.317623 76.604446
55.667023 -32.139420 76.604446
60.402264 -21.984674 76.604446
63.302216 -11.161937 76.604446
64.278763 -0.000050 76.604446
63.302235 11.161839 76.604446
60.402298 21.984581 76.604446
55.667072 32.139332 76.604446
49.240429 41.317547 76.604446
41.317638 49.240349 76.604446
32.139435 55.667011 76.604446
21.984694 60.402256 76.604446
11.161957 63.302212 76.604446
-0.000003 76.604446 64.278755
-13.302224 75.440651 64.278755
-26.200262 71.984634 64.278755
-38.302227 66.341393 64.278755
-49.240391 58.682411 64.278755
-58.682411 49.240391 64.278755
-66.341393 38.302227 64.278755
-71.984634 26.200270 64.278755
-75.440651 13.302232 64.278755
-76.604446 0.000012 64.278755
-75.440659 -13.302209 64.278755
-71.984634 -26.200249 64.278755
-66.341408 -38.302208 64.278755
-58.682423 -49.240372 64.278755
-49.240410 -58.682396 64.278755
-38.302246 -66.341385 64.278755
-26.200293 -71.984627 64.278755
-13.302255 -75.440643 64.278755
-0.000036 -76.604446 64.278755
13.302185 -75.440659 64.278755
26.200226 -71.984650 64.278755
38.302185 -66.341415 64.278755
49.240353 -58.682442 64.278755
58.682377 -49.240429 64.278755
66.341370 -38.302269 64.278755
71.984612 -26.200315 64.278755
75.440643 -13.302279 64.278755
76.604446 -0.000060 64.278755
75.440666 13.302161 64.278755
71.984657 26.200203 64.278755
66.341431 38.302162 64.278755
58.682457 49.240337 64.278755
49.240444 58.682365 64.278755
38.302288 66.341362 64.278755
26.200338 71.984604 64.278755
13.302302 75.440636 64.278755
-0.000004 86.602547 49.999996
-15.038376 85.286858 49.999996
-29.619814 81.379776 49.999996
-43.301277 75.000008 49.999996
-55.667046 66.341400 49.999996
-66.341400 55.667046 49.999996
-75.000008 43.301277 49.999996
-81.379776 29.619822 49.999996
-85.286858 15.038384 49.999996
-86.602547 0.000013 49.999996
-85.286865 -15.038359 49.999996
-81.379776 -29.619799 49.999996
-75.000015 -43.301254 49.999996
-66.341415 -55.667027 49.999996
-55.667068 -66.341385 49.999996
-43.301300 -74.999992 49.999996
-29.619848 -81.379761 49.999996
-15.038410 -85.286850 49.999996
-0.000040 -86.602547 49.999996
15.038332 -85.286865 49.999996
29.619772 -81.379791 49.999996
43.301228 -75.000031 49.999996
55.667004 -66.341438 49.999996
66.341362 -55.667088 49.999996
74.999977 -43.301327 49.999996
81.379753 -29.619873 49.999996
85.286850 -15.038438 49.999996
86.602547 -0.000067 49.999996
85.286873 15.038305 49.999996
81.379799 29.619747 49.999996
75.000046 43.301205 49.999996
66.341454 55.666985 49.999996
55.667107 66.341347 49.999996
43.301346 74.999962 49.999996
29.619900 81.379745 49.999996
15.038465 85.286842 49.999996
-0.000004 93.969261 34.202015
-16.317593 92.541656 34.202015
-32.139378 88.302223 34.202015
-46.984634 81.379768 34.202015
-60.402279 71.984627 34.202015
-71.984627 60.402279 34.202015
-81.379768 46.984634 34.202015
-88.302223 32.139385 34.202015
-92.541656 16.317602 34.202015
-93.969261 0.000014 34.202015
-92.541664 -16.317574 34.202015
-88.302223 -32.139362 34.202015
-81.379776 -46.984612 34.202015
-71.984650 -60.402256 34.202015
-60.402302 -71.984612 34.202015
-46.984657 -81.379745 34.202015
-32.139416 -88.302208 34.202015
-16.317631 -92.541649 34.202015
-0.000044 -93.969261 34.202015
16.317545 -92.541664 34.202015
32.139332 -88.302238 34.202015
46.984585 -81.379791 34.202015
60.402233 -71.984673 34.202015
71.984589 -60.402325 34.202015
81.379738 -46.984688 34.202015
88.302200 -32.139442 34.202015
92.541641 -16.317659 34.202015
93.969261 -0.000073 34.202015
92.541672 16.317516 34.202015
88.302246 32.139305 34.202015
81.379814 46.984558 34.202015
71.984688 60.402210 34.202015
60.402348 71.984573 34.202015
46.984711 81.379723 34.202015
32.139469 88.302185 34.202015
16.317690 92.541641 34.202015
-0.000004 98.480774 17.364822
-17.101009 96.984627 17.364822
-33.682407 92.541656 17.364822
-49.240395 85.286850 17.364822
-63.302223 75.440651 17.364822
-75.440651 63.302223 17.364822
-85.286850 49.240395 17.364822
-92.541656 33.682415 17.364822
-96.984627 17.101019 17.364822
-98.480774 0.000015 17.364822
-96.984634 -17.100990 17.364822
-92.541664 -33.682388 17.364822
-85.286865 -49.240368 17.364822
-75.440666 -63.302200 17.364822
-63.302246 -75.440628 17.364822
-49.240417 -85.286835 17.364822
-33.682446 -92.541641 17.364822
-17.101048 -96.984619 17.364822
-0.000046 -98.480774 17.364822
17.100958 -96.984642 17.364822
33.682358 -92.541672 17.364822
49.240337 -85.286880 17.364822
63.302177 -75.440689 17.364822
75.440605 -63.302269 17.364822
85.286819 -49.240444 17.364822
92.541634 -33.682472 17.364822
96.984619 -17.101078 17.364822
98.480774 -0.000077 17.364822
96.984642 17.100927 17.364822
92.541687 33.682331 17.364822
85.286896 49.240311 17.364822
75.440704 63.302155 17.364822
63.302296 75.440590 17.364822
49.240471 85.286804 17.364822
33.682503 92.541618 17.364822
17.101110 96.984612 17.364822
-0.000004 100.000000 0.000008
-17.364819 98.480774 0.000008
-34.202011 93.969261 0.000008
-50.000008 86.602539 0.000008
-64.278763 76.604446 0.000008
-76.604446 64.278763 0.000008
-86.602539 50.000008 0.000008
-93.969261 34.202023 0.000008
-98.480774 17.364830 0.000008
-100.000000 0.000015 0.000008
-98.480782 -17.364799 0.000008
-93.969269 -34.201996 0.000008
-86.602554 -49.999981 0.000008
-76.604462 -64.278740 0.000008
-64.278786 -76.604424 0.000008
-50.000031 -86.602524 0.000008
-34.202049 -93.969254 0.000008
-17.364861 -98.480766 0.000008
-0.000046 -100.000000 0.000008
17.364769 -98.480782 0.000008
34.201965 -93.969276 0.000008
49.999950 -86.602570 0.000008
64.278717 -76.604485 0.000008
76.604401 -64.278809 0.000008
86.602509 -50.000061 0.000008
93.969238 -34.202080 0.000008
98.480759 -17.364891 0.000008
100.000000 -0.000078 0.000008
98.480789 17.364737 0.000008
93.969292 34.201935 0.000008
86.602585 49.999924 0.000008
76.604500 64.278694 0.000008
64.278831 76.604385 0.000008
50.000084 86.602493 0.000008
34.202110 93.969223 0.000008
17.364922 98.480759 0.000008
-0.000004 98.480782 -17.364807
-17.101009 96.984634 -17.364807
-33.682407 92.541664 -17.364807
-49.240398 85.286858 -17.364807
-63.302227 75.440659 -17.364807
-75.440659 63.302227 -17.364807
-85.286858 49.240398 -17.364807
-92.541664 33.682419 -17.364807
-96.984634 17.101021 -17.364807
-98.480782 0.000015 -17.364807
-96.984642 -17.100990 -17.364807
-92.541672 -33.682392 -17.364807
-85.286865 -49.240372 -17.364807
-75.440674 -63.302204 -17.364807
-63.302254 -75.440636 -17.364807
-49.240421 -85.286842 -17.364807
-33.682446 -92.541649 -17.364807
-17.101049 -96.984627 -17.364807
-0.000046 -98.480782 -17.364807
17.100960 -96.984650 -17.364807
33.682362 -92.541679 -17.364807
49.240341 -85.286888 -17.364807
63.302181 -75.440697 -17.364807
75.440613 -63.302277 -17.364807
85.286827 -49.240448 -17.364807
92.541641 -33.682476 -17.364807
96.984627 -17.101080 -17.364807
98.480782 -0.000077 -17.364807
96.984650 17.100929 -17.364807
92.541695 33.682331 -17.364807
85.286903 49.240314 -17.364807
75.440712 63.302158 -17.364807
63.302299 75.440598 -17.364807
49.240475 85.286812 -17.364807
33.682507 92.541626 -17.364807
17.101110 96.984619 -17.364807
-0.000004 93.969269 -34.202000
-16.317595 92.541664 -34.202000
-32.139381 88.302231 -34.202000
-46.984638 81.379776 -34.202000
-60.402283 71.984634 -34.202000
-71.984634 60.402283 -34.202000
-81.379776 46.984638 -34.202000
-88.302231 32.139389 -34.202000
-92.541664 16.317604 -34.202000
-93.969269 0.000014 -34.202000
-92.541664 -16.317575 -34.202000
-88.302231 -32.139362 -34.202000
-81.379784 -46.984615 -34.202000
-71.984650 -60.402260 -34.202000
-60.402306 -71.984619 -34.202000
-46.984661 -81.379753 -34.202000
-32.139416 -88.302216 -34.202000
-16.317631 -92.541656 -34.202000
-0.000044 -93.969269 -34.202000
16.317547 -92.541672 -34.202000
32.139336 -88.302246 -34.202000
46.984589 -81.379799 -34.202000
60.402241 -71.984673 -34.202000
71.984596 -60.402328 -34.202000
81.379745 -46.984692 -34.202000
88.302208 -32.139446 -34.202000
92.541649 -16.317661 -34.202000
93.969269 -0.000073 -34.202000
92.541679 16.317516 -34.202000
88.302254 32.139309 -34.202000
81.379814 46.984562 -34.202000
71.984695 60.402218 -34.202000
60.402351 71.984581 -34.202000
46.984715 81.379730 -34.202000
32.139473 88.302193 -34.202000
16.317690 92.541649 -34.202000
-0.000004 86.602554 -49.999985
-15.038377 85.286865 -49.999985
-29.619816 81.379784 -49.999985
-43.301281 75.000008 -49.999985
-55.667049 66.341408 -49.999985
-66.341408 55.667049 -49.999985
-75.000008 43.301281 -49.999985
-81.379784 29.619823 -49.999985
-85.286865 15.038386 -49.999985
-86.602554 0.000013 -49.999985
-85.286873 -15.038361 -49.999985
-81.379784 -29.619801 -49.999985
-75.000023 -43.301258 -49.999985
-66.341423 -55.667030 -49.999985
-55.667072 -66.341393 -49.999985
-43.301304 -74.999992 -49.999985
-29.619850 -81.379768 -49.999985
-15.038412 -85.286858 -49.999985
-0.000040 -86.602554 -49.999985
15.038333 -85.286873 -49.999985
29.619776 -81.379799 -49.999985
43.301231 -75.000038 -49.999985
55.667011 -66.341438 -49.999985
66.341370 -55.667091 -49.999985
74.999985 -43.301331 -49.999985
81.379761 -29.619875 -49.999985
85.286858 -15.038439 -49.999985
86.602554 -0.000067 -49.999985
85.286880 15.038306 -49.999985
81.379807 29.619749 -49.999985
75.000053 43.301208 -49.999985
66.341454 55.666988 -49.999985
55.667114 66.341354 -49.999985
43.301350 74.999969 -49.999985
29.619902 81.379753 -49.999985
15.038466 85.286850 -49.999985
-0.000003 76.604454 -64.278748
-13.302225 75.440659 -64.278748
-26.200264 71.984642 -64.278748
-38.302231 66.341400 -64.278748
-49.240395 58.682415 -64.278748
-58.682415 49.240395 -64.278748
-66.341400 38.302231 -64.278748
-71.984642 26.200272 -64.278748
-75.440659 13.302233 -64.278748
-76.604454 0.000012 -64.278748
-75.440666 -13.302210 -64.278748
-71.984642 -26.200251 -64.278748
-66.341408 -38.302212 -64.278748
-58.682430 -49.240379 -64.278748
-49.240414 -58.682404 -64.278748
-38.302250 -66.341385 -64.278748
-26.200294 -71.984634 -64.278748
-13.302256 -75.440651 -64.278748
-0.000036 -76.604454 -64.278748
13.302186 -75.440666 -64.278748
26.200228 -71.984657 -64.278748
38.302189 -66.341423 -64.278748
49.240360 -58.682449 -64.278748
58.682384 -49.240433 -64.278748
66.341377 -38.302273 -64.278748
71.984619 -26.200317 -64.278748
75.440651 -13.302279 -64.278748
76.604454 -0.000060 -64.278748
75.440674 13.302162 -64.278748
71.984665 26.200205 -64.278748
66.341438 38.302166 -64.278748
58.682461 49.240341 -64.278748
49.240452 58.682369 -64.278748
38.302292 66.341362 -64.278748
26.200340 71.984612 -64.278748
13.302304 75.440643 -64.278748
-0.000003 64.278778 -76.604424
-11.161894 63.302238 -76.604424
-21.984636 60.402294 -76.604424
-32.139393 55.667053 -76.604424
-41.317604 49.240402 -76.604424
-49.240402 41.317604 -76.604424
-55.667053 32.139393 -76.604424
-60.402294 21.984642 -76.604424
-63.302238 11.161901 -76.604424
-64.278778 0.000010 -76.604424
-63.302242 -11.161881 -76.604424
-60.402298 -21.984625 -76.604424
-55.667061 -32.139374 -76.604424
-49.240414 -41.317589 -76.604424
-41.317619 -49.240391 -76.604424
-32.139408 -55.667042 -76.604424
-21.984661 -60.402287 -76.604424
-11.161920 -63.302235 -76.604424
-0.000030 -64.278778 -76.604424
11.161861 -63.302246 -76.604424
21.984606 -60.402306 -76.604424
32.139355 -55.667072 -76.604424
41.317574 -49.240429 -76.604424
49.240372 -41.317635 -76.604424
55.667034 -32.139427 -76.604424
60.402279 -21.984680 -76.604424
63.302231 -11.161940 -76.604424
64.278778 -0.000050 -76.604424
63.302250 11.161841 -76.604424
60.402313 21.984587 -76.604424
55.667084 32.139339 -76.604424
49.240440 41.317558 -76.604424
41.317650 49.240360 -76.604424
32.139442 55.667023 -76.604424
21.984699 60.402271 -76.604424
11.161960 63.302227 -76.604424
-0.000002 50.000023 -86.602524
-8.682414 49.240410 -86.602524
-17.101013 46.984653 -86.602524
-25.000015 43.301289 -86.602524
-32.139397 38.302238 -86.602524
-38.302238 32.139397 -86.602524
-43.301289 25.000015 -86.602524
-46.984653 17.101019 -86.602524
-49.240410 8.682419 -86.602524
-50.000023 0.000008 -86.602524
-49.240414 -8.682404 -86.602524
-46.984653 -17.101006 -86.602524
-43.301296 -25.000002 -86.602524
-38.302250 -32.139385 -86.602524
-32.139408 -38.302231 -86.602524
-25.000027 -43.301281 -86.602524
-17.101034 -46.984646 -86.602524
-8.682434 -49.240406 -86.602524
-0.000023 -50.000023 -86.602524
8.682388 -49.240414 -86.602524
17.100990 -46.984661 -86.602524
24.999987 -43.301304 -86.602524
32.139374 -38.302261 -86.602524
38.302219 -32.139420 -86.602524
43.301273 -25.000042 -86.602524
46.984642 -17.101048 -86.602524
49.240402 -8.682449 -86.602524
50.000023 -0.000039 -86.602524
49.240417 8.682373 -86.602524
46.984669 17.100975 -86.602524
43.301311 24.999973 -86.602524
38.302269 32.139362 -86.602524
32.139431 38.302208 -86.602524
25.000053 43.301266 -86.602524
17.101063 46.984634 -86.602524
8.682465 49.240398 -86.602524
-0.000001 34.202045 -93.969254
-5.939124 33.682438 -93.969254
-11.697788 32.139408 -93.969254
-17.101025 29.619841 -93.969254
-21.984652 26.200287 -93.969254
-26.200287 21.984652 -93.969254
-29.619841 17.101025 -93.969254
-32.139408 11.697791 -93.969254
-33.682438 5.939127 -93.969254
-34.202045 0.000005 -93.969254
-33.682442 -5.939117 -93.969254
-32.139412 -11.697782 -93.969254
-29.619844 -17.101015 -93.969254
-26.200293 -21.984644 -93.969254
-21.984659 -26.200281 -93.969254
-17.101032 -29.619833 -93.969254
-11.697801 -32.139404 -93.969254
-5.939137 -33.682438 -93.969254
-0.000016 -34.202045 -93.969254
5.939106 -33.682442 -93.969254
11.697771 -32.139416 -93.969254
17.101006 -29.619850 -93.969254
21.984636 -26.200300 -93.969254
26.200272 -21.984669 -93.969254
29.619829 -17.101044 -93.969254
32.139400 -11.697811 -93.969254
33.682434 -5.939148 -93.969254
34.202045 -0.000027 -93.969254
33.682446 5.939095 -93.969254
32.139420 11.697762 -93.969254
29.619856 17.100996 -93.969254
26.200308 21.984627 -93.969254
21.984676 26.200266 -93.969254
17.101051 29.619823 -93.969254
11.697822 32.139397 -93.969254
5.939158 33.682434 -93.969254
-0.000001 17.364853 -98.480766
-3.015375 17.101042 -98.480766
-5.939129 16.317623 -98.480766
-8.682427 15.038404 -98.480766
-11.161913 13.302249 -98.480766
-13.302249 11.161913 -98.480766
-15.038404 8.682427 -98.480766
-16.317623 5.939131 -98.480766
-17.101042 3.015377 -98.480766
-17.364853 0.000003 -98.480766
-17.101042 -3.015372 -98.480766
-16.317625 -5.939126 -98.480766
-15.038405 -8.682423 -98.480766
-13.302252 -11.161908 -98.480766
-11.161917 -13.302246 -98.480766
-8.682431 -15.038401 -98.480766
-5.939136 -16.317621 -98.480766
-3.015382 -17.101040 -98.480766
-0.000008 -17.364853 -98.480766
3.015367 -17.101044 -98.480766
5.939121 -16.317627 -98.480766
8.682418 -15.038408 -98.480766
11.161904 -13.302257 -98.480766
13.302241 -11.161921 -98.480766
15.038399 -8.682437 -98.480766
16.317619 -5.939141 -98.480766
17.101040 -3.015388 -98.480766
17.364853 -0.000014 -98.480766
17.101044 3.015361 -98.480766
16.317629 5.939116 -98.480766
15.038412 8.682413 -98.480766
13.302259 11.161901 -98.480766
11.161925 13.302238 -98.480766
8.682441 15.038395 -98.480766
5.939146 16.317617 -98.480766
3.015393 17.101038 -98.480766
0.000000 0.000000 -100.000000